8719200450516
041333001029
041333900483
041333001098
041333904481
7501055305742
021136010480
021136010541
758104001712
7501055310883
7501055304721
7501055310487
7501055307906
7501055344680
7501032401948
7622210894458
7501024513628
7501024513604
7501055355310
7501055384907
7501055320660
7501055354696
7501055358984
7501055320622
7501055320639
7501055383610
7501055383573
7501055311828
7501055366170
7501055328369
7501055305612
75005061
7501055305629
7501055311453
7501071120077
7501049928742
7501061659365
7501061679202
75004132
744607007900
7502247082052
7501079401697
7506105606077
7506105606053
7506105606060
